4
7
11
14
18
19
23
26
25
23
19
18
16
11
9
5
4
2
0
4
7
14
21
23
25
28
30
33
35
37
39
40
42
44
46
49
51
53
56
58
62
65
69
70
72
76
79
83
84
86
88
91
95
100
102
106
107
109
113
114
116
120
123
128
130
134
137
142
144
153
157
158
157
153
151
148
142
135
128
123
121
120
118
116
111
107
106
104
102
98
97
2
5
7
12
14
16
18
19
21
23
25
26
30
32
33
35
37
39
42
44
46
49
53
55
56
58
60
62
63
65
67
69
70
72
74
76
79
81
83
84
88
91
95
97
98
102
106
109
114
116
118
120
121
123
125
128
130
132
134
135
137
139
141
142
144
142
141
139
135
132
130
128
125
123
121
114
113
109
107
104
100
98
97
95
93
91
90
86
84
83
81
5
7
11
12
16
19
23
26
30
33
37
39
40
42
44
46
47
49
51
55
56
58
60
62
63
65
69
70
74
76
77
79
83
84
88
91
95
98
102
106
111
114
118
121
123
125
127
128
130
132
135
137
139
141
142
144
146
148
149
151
153
155
157
158
160
158
157
155
151
149
141
135
130
123
121
118
116
111
107
104
100
97
95
88
86
84
81
77
76
74
72
69
67
65
62
55
53
51
49
46
42
39
35
33
30
28
26
21
16
14
12
98
100
102
104
106
107
113
116
118
120
121
125
132
135
141
142
144
142
137
132
130
125
121
120
114
111
106
104
102
100
98
97
95
93
91
90
86
83
79
76
74
72
70
69
83
86
90
91
93
95
97
98
102
104
106
109
118
121
125
128
130
128
123
120
118
116
113
111
107
106
104
102
98
97
14
16
18
21
23
26
30
33
35
39
42
44
46
47
56
60
63
67
72
79
84
88
91
95
104
128
135
137
142
144
149
153
158
160
162
165
169
167
164
155
153
149
146
144
142
139
134
132
128
127
121
120
118
116
114
113
109
106
102
253
251
248
244
241
239
237
234
232
229
227
223
220
216
213
211
208
202
200
199
197
195
193
190
188
186
181
176
174
172
171
169
165
164
162
160
158
157
155
151
148
146
144
142
141
139
135
132
128
125
120
114
113
109
107
104
97
88
86
79
70
69
58
56
44
39
35
44
47
49
51
55
56
58
60
62
67
74
76
81
83
86
90
93
97
98
102
104
111
118
120
123
128
132
104
106
107
109
111
114
116
118
120
127
128
130
125
120
114
111
102
97
91
86
83
81
79
77
76
74
72
69
65
62
60
58
56
55
51
49
47
46
44
42
37
32
30
28
25
95
93
91
88
